4294967279,539
4294967278,386
4294967279,185
4294967294,436
4294967279,329
4294967279,298
4294967279,297
4294967294,89
4294967294,170
4294967294,188
143,5
143,4
143,3
143,2
143,1
4294967279,321
4294967278,150
4294967279,149
4294967278,149
4294967279,147
4294967278,147
141,5
141,4
141,3
141,2
141,1
4294967278,142
4294967294,392
4294967294,114
4294967278,141
4294967279,11
4294967279,9
4294967294,387
139,6
139,5
139,4
139,3
139,2
139,1
4294967279,267
4294967278,275
4294967278,375
138,5
138,4
138,3
138,2
138,1
4294967294,120
4294967278,282
4294967294,388
137,5
137,4
137,3
137,2
137,1
4294967279,538
4294967279,0
4294967279,575
136,5
4294967294,389
136,4
136,3
136,2
136,1
4294967278,255
4294967294,182
4294967294,906
4294967294,914
4294967294,964
4294967294,909
4294967294,405
4294967294,183
4294967294,458
4294967294,384
4294967294,394
4294967294,417
4294967294,449
4294967294,401
4294967279,516
4294967279,251
4294967278,382
4294967279,515
4294967279,249
4294967279,248
4294967279,513
0,7
4294967294,99
4294967294,76
4294967279,243
4294967279,241
134,4
134,3
134,2
134,1
4294967278,239
4294967279,239
4294967294,1
4294967294,903
4294967294,185
4294967294,902
4294967294,29
4294967294,82
4294967294,11
4294967279,512
4294967294,0
4294967278,326
4294967279,238
4294967294,393
4294967294,44
4294967294,2
4294967294,42
4294967294,40
4294967294,41
4294967294,38
4294967294,37
4294967278,327
4294967279,319
4294967278,235
4294967278,174
4294967294,36
4294967294,39
4294967278,392
4294967279,234
4294967294,418
4294967278,233
4294967279,232
4294967294,46
4294967278,231
4294967294,45
4294967294,426
4294967294,107
4294967294,92
4294967294,91
4294967294,90
4294967294,87
4294967294,86
4294967294,85
4294967294,84
4294967294,921
4294967294,950
4294967294,949
4294967294,28
4294967294,53
4294967294,96
4294967294,94
4294967278,225
4294967294,9
4294967294,8
4294967279,226
4294967294,22
4294967278,223
4294967294,1416
4294967294,51
4294967294,52
4294967294,470
4294967294,1414
4294967278,219
4294967279,218
4294967294,7
4294967279,216
4294967279,210
4294967278,209
4294967279,209
4294967278,208
4294967279,208
4294967278,207
4294967279,207
4294967278,206
4294967279,206
4294967279,203
4294967278,202
4294967278,132
4294967278,131
4294967278,130
4294967278,129
4294967278,128
4294967278,127
4294967278,126
4294967278,125
4294967278,124
4294967278,123
4294967278,122
4294967278,121
4294967278,120
4294967278,119
4294967278,118
4294967278,117
4294967278,116
4294967278,115
4294967278,114
4294967278,113
4294967278,112
4294967278,111
4294967278,110
4294967278,109
4294967278,108
4294967278,107
4294967278,106
4294967278,105
4294967278,104
4294967278,103
4294967278,102
4294967278,101
4294967278,100
4294967278,99
4294967278,98
4294967278,97
4294967278,96
4294967278,95
4294967278,94
4294967278,93
4294967278,91
4294967278,90
4294967278,89
4294967278,87
4294967278,86
4294967278,85
4294967278,84
4294967278,83
4294967278,82
4294967278,81
4294967278,80
4294967278,79
4294967278,78
4294967278,77
4294967278,76
4294967278,75
4294967278,74
4294967278,73
4294967278,72
4294967278,71
4294967278,70
4294967278,69
4294967278,68
4294967278,67
4294967278,66
4294967278,65
4294967278,64
4294967278,63
4294967278,62
4294967278,61
4294967278,0
4294967278,387
4294967278,272
4294967278,263
4294967278,370
4294967278,259
4294967279,82
4294967279,81
4294967279,80
4294967279,79
4294967279,77
4294967279,75
4294967279,74
4294967279,69
4294967279,67
4294967279,66
4294967279,63
4294967279,60
4294967279,58
4294967279,55
4294967279,52
4294967279,51
4294967279,46
4294967279,45
4294967279,44
4294967279,42
4294967279,34
4294967279,31
4294967279,26
4294967279,24
4294967279,21
4294967279,18
4294967279,16
4294967279,15
4294967279,14
4294967279,560
4294967279,12
4294967279,273
4294967279,10
4294967279,8
4294967279,7
4294967279,322
4294967279,6
4294967279,5
4294967279,4
4294967278,374
4294967279,328
4294967294,1417
4294967279,542
4294967278,319
4294967278,189
133,5
133,4
133,2
133,1
4294967278,348
4294967279,184
4294967278,183
4294967279,183
4294967279,309
4294967278,182
4294967278,181
4294967279,179
4294967279,178
4294967279,173
131,5
131,4
131,2
131,1
4294967278,309
4294967279,169
4294967279,168
4294967278,166
4294967279,294
129,6
4294967278,161
129,5
4294967294,961
4294967294,904
4294967294,915
4294967279,160
129,4
129,3
129,2
129,1
4294967279,154
4294967278,156
4294967278,155
128,5
4294967279,153
4294967279,152
128,4
4294967278,152
128,3
128,2
128,1
4294967278,151
4294967279,150
127,5
127,4
127,3
127,2
127,1
4294967279,140
4294967278,138
4294967279,138
126,5
4294967278,136
126,4
4294967279,135
126,3
126,2
126,1
4294967278,134
4294967294,912
4294967294,415
4294967294,404
4294967294,464
4294967294,111
4294967294,160
4294967294,169
4294967278,133
4294967278,276
4294967278,269
4294967278,268
124,4
124,3
124,2
124,1
4294967278,266
4294967278,337
4294967279,259
4294967278,384
4294967294,471
4294967279,543
4294967278,335
4294967279,327
4294967279,525
4294967294,469
4294967294,50
4294967294,920
4294967294,27
4294967279,567
4294967279,281
4294967294,93
4294967294,95
4294967294,88
4294967294,81
4294967294,68
4294967278,92
4294967279,90
4294967279,89
4294967279,87
4294967279,86
4294967279,85
4294967279,84
4294967279,83
4294967279,559
4294967278,391
4294967279,522
4294967278,332
4294967294,5
4294967278,250
0,5
4294967294,6
4294967294,17
